IGHJ1*01,0.123324082698673,0.417475039837882,0.513369743479416,0.159852524055168,0.881222808500752,0.053670289227739,0.883468190673739,0.379757073940709,0.561288350494578,0.568456365261227,0.749962437432259,0.213227426400408,0.677862977609038,0.962729028891772,0.462692868895829,0.766483502695337,0.494262540480122,0.817657734500244,0.69647303968668,0.73536287737079,0.574882549932227,0.543328763684258,0.893556827912107,0.0799565361812711,0.489461727906018
IGHJ2*01,0.450814802898094,0.473916835151613,0.974079195642844,0.0566303299274296,0.141800634562969,0.0737176083493978,0.0445654301438481,0.405701749259606,0.78948280098848,0.627023182576522,0.949202683288604,0.0185595273505896,0.288318782811984,0.353717862162739,0.0812445830088109,0.963307142956182,0.186430529691279,0.450827825581655,0.126790501177311,0.786323795095086,0.238996316445991,0.960225151153281,0.0738790717441589,0.171179697150365,0.340869425563142
IGHJ3*01,0.851614858489484,0.70204732962884,0.662549215136096,0.28445946611464,0.610187665326521,0.105849666753784,0.62147535616532,0.116660094819963,0.696541011566296,0.0290803120005876,0.850456117652357,0.991463229991496,0.817409172188491,0.766950661316514,0.912746121175587,0.140520704444498,0.483541994355619,0.0485043392982334,0.890255392761901,0.543676540954039,0.536622571526095,0.706625546794385,0.794734190683812,0.393680684966967,0.304946990218014
IGHJ3*02,0.151200806023553,0.943191718077287,0.994297156808898,0.595001213252544,0.745778221869841,0.959247606573626,0.843318780884147,0.474059561733156,0.956222378881648,0.726326590636745,0.630897506140172,0.309479530435055,0.244696317939088,0.965872234897688,0.374208389315754,0.243996451143175,0.112962279235944,0.672393675195053,0.267094955546781,0.192062728339806,0.682826217962429,0.792221610900015,0.854480364825577,0.569640194065869,0.917890393640846
IGHJ4*01,0.967557470081374,0.522492556134239,0.445819137385115,0.938475804636255,0.230181138962507,0.836209785193205,0.514707047492266,0.0677024286706001,0.809773940360174,0.780648910207674,0.083650907734409,0.844704446848482,0.454944214085117,0.399962975177914,0.562489012256265,0.90692368382588,0.0437110722996294,0.933649215614423,0.200599706731737,0.595943060936406,0.275135776726529,0.0679714092984796,0.150677239987999,0.521892125718296,0.149387775920331
IGHJ4*02,0.0452043719124049,0.383768506348133,0.885049772681668,0.967301476979628,0.578602542169392,0.958106995094568,0.649839497171342,0.545536995632574,0.592856656294316,0.389884160365909,0.921923950081691,0.898105059983209,0.00981504353694618,0.354767615674064,0.344467453658581,0.776593301445246,0.274955897359177,0.127831173827872,0.993285652017221,0.105335748987272,0.254815097665414,0.620797402458265,0.882322240388021,0.230856214417145,0.85652326210402
IGHJ4*03,0.342905626632273,0.367251829011366,0.731866839341819,0.33862851629965,0.0969601729884744,0.74822840699926,0.494377954397351,0.814375082496554,0.479321994585916,0.388340343022719,0.419292090227827,0.0590111627243459,0.520344123709947,0.950163343222812,0.736677290638909,0.408628503326327,0.156546086538583,0.090954109095037,0.966633055359125,0.852005689172074,0.760654827347025,0.443365076789632,0.406246663304046,0.592675376217812,0.984959639841691
IGHJ5*01,0.491377729224041,0.0393752108793706,0.404155126772821,0.135052395053208,0.451885317917913,0.584011546568945,0.620220378506929,0.379392810864374,0.338343344861642,0.410897991154343,0.933124431641772,0.4862605354283,0.496473284903914,0.728272947249934,0.0470439346972853,0.423530305502936,0.477439390262589,0.430968573316932,0.445639160694554,0.814404639881104,0.854217824293301,0.899516863748431,0.863289095694199,0.400353305973113,0.0785960652865469
IGHJ5*02,0.298590236809105,0.76309768576175,0.565174980321899,0.534851823234931,0.838708142749965,0.20931462966837,0.358550772536546,0.505266645690426,0.100321933394298,0.30238206544891,0.693128111539409,0.711036911932752,0.142062577651814,0.0563123386818916,0.534547285409644,0.220285002375022,0.538689616834745,0.382655655266717,0.134637360228226,0.762018967419863,0.671702734893188,0.417683732695878,0.166762099135667,0.908240423072129,0.999145737383515
IGHJ6*01,0.776839188300073,0.26818039896898,0.286861562170088,0.0213807232212275,0.784680451266468,0.0989813907071948,0.224374698940665,0.707616839325055,0.549809612566605,0.688346719136462,0.0213725527282804,0.290352840675041,0.83489911723882,0.440665105357766,0.469480745727196,0.692801395431161,0.874006931204349,0.166470240103081,0.313843033043668,0.402397239115089,0.815008413279429,0.934357004240155,0.51188130187802,0.337801153073087,0.0995280803181231
IGHJ6*04,0.48635146021843,0.703475670423359,0.867492369841784,0.156257940689102,0.67028844403103,0.787173185497522,0.959064950235188,0.269267019350082,0.0288755856454372,0.794451179215685,0.104613006813452,0.0670573182869703,0.121628627413884,0.233952061738819,0.838167594512925,0.11540924734436,0.372242434183136,0.192175144562498,0.573843508958817,0.808734373888001,0.918308857362717,0.282796806422994,0.89028372312896,0.0647302158176899,0.0893506421707571
